3
General 56 128 1200 3.49
Large-Memory 84 256 2400 4.36
High-Performance 112 192 3600 5.45

24
flavor1 1 1024 45.20
flavor2 1 2048 84.20
flavor3 1 4096 146.00
flavor4 2 2048 160.20
flavor5 2 4096 190.20
flavor6 2 8192 295.90
flavor7 4 4096 319.20
flavor8 4 8192 388.00
flavor9 4 16384 581.80
flavor10 8 8192 640.30
flavor11 8 16384 763.90
flavor12 8 32768 874.40
flavor13 16 16384 1279.20
flavor14 16 32768 1574.90
flavor15 16 65536 1736.80
flavor16 32 32768 2559.20
flavor17 32 65536 3256.30
flavor18 32 131072 4928.30
flavor19 1 8192 248.60
flavor20 2 16384 494.60
flavor21 4 32768 707.40
flavor22 8 65536 1430.60
flavor23 16 131072 2849.20
flavor24 32 262144 5686.50

2016-07-13 00:00:00
2016-07-27 23:59:59
